13 1491902680 17.881055 0.800000 17.005662 18.786105 256.258950
13 1491902681 17.881055 0.800000 17.005662 18.786105 256.258950
13 1491902682 17.881055 0.800000 17.005662 18.786105 256.258950
13 1491902683 17.881055 0.800000 17.005662 18.786105 256.258950
13 1491902684 17.881055 0.800000 17.005662 18.786105 256.258950
13 1491902685 19.492082 2.000000 15.524103 25.076942 781.434041
13 1491902686 19.492082 2.000000 15.524103 25.076942 781.434041
13 1491902687 19.492082 2.000000 15.524103 25.076942 781.434041
13 1491902688 19.492082 2.000000 15.524103 25.076942 781.434041
13 1491902689 19.492082 2.000000 15.524103 25.076942 781.434041
13 1491902690 19.349749 1.200000 15.599680 24.517310 460.075740
13 1491902691 19.349749 1.200000 15.599680 24.517310 460.075740
13 1491902692 19.349749 1.200000 15.599680 24.517310 460.075740
13 1491902693 19.349749 1.200000 15.599680 24.517310 460.075740
13 1491902694 19.349749 1.200000 15.599680 24.517310 460.075740
13 1491902695 18.917808 2.000000 16.027638 21.196558 720.506382
13 1491902696 18.917808 2.000000 16.027638 21.196558 720.506382
13 1491902697 18.917808 2.000000 16.027638 21.196558 720.506382
13 1491902698 18.917808 2.000000 16.027638 21.196558 720.506382
13 1491902699 18.917808 2.000000 16.027638 21.196558 720.506382
13 1491902700 20.151307 2.600000 16.797594 23.208408 1068.246613
16 1491902700 27.978174 0.600000 26.225584 30.703360 471.955754
13 1491902701 20.151307 2.600000 16.797594 23.208408 1068.246613
16 1491902701 27.978174 0.600000 26.225584 30.703360 471.955754
13 1491902702 20.151307 2.600000 16.797594 23.208408 1068.246613
16 1491902702 27.978174 0.600000 26.225584 30.703360 471.955754
13 1491902703 20.151307 2.600000 16.797594 23.208408 1068.246613
16 1491902703 27.978174 0.600000 26.225584 30.703360 471.955754
13 1491902704 20.151307 2.600000 16.797594 23.208408 1068.246613
16 1491902704 27.978174 0.600000 26.225584 30.703360 471.955754
13 1491902705 18.916281 1.600000 16.750218 23.458619 578.852597
16 1491902705 28.672634 1.000000 25.758575 31.890332 826.422136
13 1491902706 18.916281 1.600000 16.750218 23.458619 578.852597
16 1491902706 28.672634 1.000000 25.758575 31.890332 826.422136
13 1491902707 18.916281 1.600000 16.750218 23.458619 578.852597
16 1491902707 28.672634 1.000000 25.758575 31.890332 826.422136
13 1491902708 18.916281 1.600000 16.750218 23.458619 578.852597
16 1491902708 28.672634 1.000000 25.758575 31.890332 826.422136
13 1491902709 18.916281 1.600000 16.750218 23.458619 578.852597
16 1491902709 28.672634 1.000000 25.758575 31.890332 826.422136
13 1491902710 20.764366 1.600000 16.850800 24.612972 699.730188
16 1491902710 30.063762 1.400000 26.849575 33.012011 1272.568002
13 1491902711 20.764366 1.600000 16.850800 24.612972 699.730188
16 1491902711 30.063762 1.400000 26.849575 33.012011 1272.568002
13 1491902712 20.764366 1.600000 16.850800 24.612972 699.730188
16 1491902712 30.063762 1.400000 26.849575 33.012011 1272.568002
13 1491902713 20.764366 1.600000 16.850800 24.612972 699.730188
16 1491902713 30.063762 1.400000 26.849575 33.012011 1272.568002
13 1491902714 20.764366 1.600000 16.850800 24.612972 699.730188
16 1491902714 30.063762 1.400000 26.849575 33.012011 1272.568002
13 1491902715 19.550172 1.600000 17.177625 22.253152 616.890374
16 1491902715 28.284553 1.200000 24.063737 32.511754 970.953619
13 1491902716 19.550172 1.600000 17.177625 22.253152 616.890374
16 1491902716 28.284553 1.200000 24.063737 32.511754 970.953619
13 1491902717 19.550172 1.600000 17.177625 22.253152 616.890374
16 1491902717 28.284553 1.200000 24.063737 32.511754 970.953619
13 1491902718 19.550172 1.600000 17.177625 22.253152 616.890374
16 1491902718 28.284553 1.200000 24.063737 32.511754 970.953619
13 1491902719 19.550172 1.600000 17.177625 22.253152 616.890374
16 1491902719 28.284553 1.200000 24.063737 32.511754 970.953619
13 1491902720 20.101240 1.600000 16.882330 22.857760 655.032732
16 1491902720 29.574075 2.200000 25.983459 36.958032 1945.148881
13 1491902721 20.101240 1.600000 16.882330 22.857760 655.032732
16 1491902721 29.574075 2.200000 25.983459 36.958032 1945.148881
13 1491902722 20.101240 1.600000 16.882330 22.857760 655.032732
16 1491902722 29.574075 2.200000 25.983459 36.958032 1945.148881
13 1491902723 20.101240 1.600000 16.882330 22.857760 655.032732
16 1491902723 29.574075 2.200000 25.983459 36.958032 1945.148881
13 1491902724 20.101240 1.600000 16.882330 22.857760 655.032732
16 1491902724 29.574075 2.200000 25.983459 36.958032 1945.148881
13 1491902725 19.315647 2.600000 15.711815 24.402981 986.906845
16 1491902725 30.919751 1.000000 28.104518 35.283228 962.542999
13 1491902726 19.315647 2.600000 15.711815 24.402981 986.906845
16 1491902726 30.919751 1.000000 28.104518 35.283228 962.542999
13 1491902727 19.315647 2.600000 15.711815 24.402981 986.906845
16 1491902727 30.919751 1.000000 28.104518 35.283228 962.542999
13 1491902728 19.315647 2.600000 15.711815 24.402981 986.906845
16 1491902728 30.919751 1.000000 28.104518 35.283228 962.542999
13 1491902729 19.315647 2.600000 15.711815 24.402981 986.906845
16 1491902729 30.919751 1.000000 28.104518 35.283228 962.542999
13 1491902730 19.434799 1.600000 15.914674 21.748467 609.947580
16 1491902730 30.026244 0.400000 23.050042 37.002445 380.097079
13 1491902731 19.434799 1.600000 15.914674 21.748467 609.947580
16 1491902731 30.026244 0.400000 23.050042 37.002445 380.097079
13 1491902732 19.434799 1.600000 15.914674 21.748467 609.947580
16 1491902732 30.026244 0.400000 23.050042 37.002445 380.097079
13 1491902733 19.434799 1.600000 15.914674 21.748467 609.947580
16 1491902733 30.026244 0.400000 23.050042 37.002445 380.097079
13 1491902734 19.434799 1.600000 15.914674 21.748467 609.947580
16 1491902734 30.026244 0.400000 23.050042 37.002445 380.097079
16 1491902735 28.547626 2.600000 23.909538 32.350937 2132.939426
16 1491902736 28.547626 2.600000 23.909538 32.350937 2132.939426
16 1491902737 28.547626 2.600000 23.909538 32.350937 2132.939426
16 1491902738 28.547626 2.600000 23.909538 32.350937 2132.939426
16 1491902739 28.547626 2.600000 23.909538 32.350937 2132.939426
16 1491902740 33.378092 1.200000 30.427345 36.279169 1340.872976
16 1491902741 33.378092 1.200000 30.427345 36.279169 1340.872976
16 1491902742 33.378092 1.200000 30.427345 36.279169 1340.872976
16 1491902743 33.378092 1.200000 30.427345 36.279169 1340.872976
16 1491902744 33.378092 1.200000 30.427345 36.279169 1340.872976
16 1491902745 26.594365 0.400000 26.155607 27.033122 282.981096
16 1491902746 26.594365 0.400000 26.155607 27.033122 282.981096
16 1491902747 26.594365 0.400000 26.155607 27.033122 282.981096
16 1491902748 26.594365 0.400000 26.155607 27.033122 282.981096
16 1491902749 26.594365 0.400000 26.155607 27.033122 282.981096
16 1491902750 27.542774 1.200000 23.070496 32.259426 925.367357
16 1491902751 27.542774 1.200000 23.070496 32.259426 925.367357
16 1491902752 27.542774 1.200000 23.070496 32.259426 925.367357
16 1491902753 27.542774 1.200000 23.070496 32.259426 925.367357
16 1491902754 27.542774 1.200000 23.070496 32.259426 925.367357
16 1491902755 30.598964 1.400000 26.159687 35.409773 1326.639405
16 1491902756 30.598964 1.400000 26.159687 35.409773 1326.639405
16 1491902757 30.598964 1.400000 26.159687 35.409773 1326.639405
16 1491902758 30.598964 1.400000 26.159687 35.409773 1326.639405
16 1491902759 30.598964 1.400000 26.159687 35.409773 1326.639405
16 1491902760 28.806005 1.200000 25.222516 34.692372 1008.122259
16 1491902761 28.806005 1.200000 25.222516 34.692372 1008.122259
16 1491902762 28.806005 1.200000 25.222516 34.692372 1008.122259
16 1491902763 28.806005 1.200000 25.222516 34.692372 1008.122259
16 1491902764 28.806005 1.200000 25.222516 34.692372 1008.122259
16 1491902765 27.725170 1.800000 24.661120 30.370336 1389.319444
16 1491902766 27.725170 1.800000 24.661120 30.370336 1389.319444
16 1491902767 27.725170 1.800000 24.661120 30.370336 1389.319444
16 1491902768 27.725170 1.800000 24.661120 30.370336 1389.319444
16 1491902769 27.725170 1.800000 24.661120 30.370336 1389.319444
16 1491902770 30.700995 1.000000 29.262973 32.803154 944.418892
16 1491902771 30.700995 1.000000 29.262973 32.803154 944.418892
16 1491902772 30.700995 1.000000 29.262973 32.803154 944.418892
16 1491902773 30.700995 1.000000 29.262973 32.803154 944.418892
16 1491902774 30.700995 1.000000 29.262973 32.803154 944.418892
16 1491902775 33.732412 0.400000 32.975870 34.488954 455.379193
16 1491902776 33.732412 0.400000 32.975870 34.488954 455.379193
16 1491902777 33.732412 0.400000 32.975870 34.488954 455.379193
16 1491902778 33.732412 0.400000 32.975870 34.488954 455.379193
16 1491902779 33.732412 0.400000 32.975870 34.488954 455.379193
16 1491902780 34.384707 0.200000 34.384707 34.384707 236.461615
16 1491902781 34.384707 0.200000 34.384707 34.384707 236.461615
16 1491902782 34.384707 0.200000 34.384707 34.384707 236.461615
16 1491902783 34.384707 0.200000 34.384707 34.384707 236.461615
16 1491902784 34.384707 0.200000 34.384707 34.384707 236.461615
